1212.1916
1406.4348
1507.03954
1610.05627
1706.00775
1708.08514
1710.10016
1711.05220
1805.05277
1810.04246
1810.10093
1902.10811
1903.12261
1905.05950
1905.10943
1907.13625
1908.05659
1908.08729
1910.02923
1910.10683
1911.11789
1911.13172
2002.04709
2002.05709
2002.08546
2002.10310
2003.11249
2004.04943
2004.12943
2005.01158
2005.14165
2006.10963
2007.13913
2007.15103
2008.11297
2009.00236
2010.00694
2010.04889
2010.08705
2010.11313
2010.11929
2012.15180
2101.00010
2102.12780
2103.03097
2103.13990
2103.15706
2104.02008
2104.06644
2105.13626
2110.08444
2111.06377
2112.02355
2201.05718
2203.10995
2203.11819
2203.14691
2204.06938
2205.05131
2206.04615
2206.06001
2207.13332
2209.07522
2210.01413
2210.11389
2210.11416
2210.11466
2211.02165
2301.06323
2302.06476
2302.12095
2302.12881
2303.13440
2303.13779
2304.13038
2305.14314
2305.19836
2306.01116
2306.04528
2307.05506
2307.09288
2309.08743
2310.12345
2311.18805
2312.02403
2312.09876
2401.00001
2401.00002
2401.00003
2401.00004
2401.00005
2401.12345
hep-ph/0612075
